1136340712298074112
1136377207511822340
1136423733835567109
1136400082742308864
1136362824362536962
1136347997044973569
1136326093470932992
1136303697242333184
1136256428061188098
1136244551394443264
1136268208292470786
1136062856921788417
1135997918144540673
1135966727773282304
1135567833260277766
1135548214160044032
1135536392640049154
1135524546969317376
1135512734701883392
1135388913143603200
1135364488239222789
1135340086189592582
1135291292777361411
1135266858674900992
1135242430725443584
1135218033868320770
1135193620951326720
1135169234189860864
1135031061090635777
1135006142315335680
1134981222533390336
1134956299500838912
1134931402699542528
1134906479360782338
1134881563886411782
1134853467728728065
1134831745268887554
1134806833967902720
1134670183111544832
1134533521584906240
1134624881436499968
1134602219079294976
1134590898006892544
1134556930679160833
1134549133438701568
1134533521584906240
1134525729692114944
1134466092456382465
1134454239407816705
1134442414670786560
1134430593029197825
1134301988483665925
1134141761289359360
1134271030938263552
1134251408277090306
1134241608428412928
1134231766775021568
1134142520051609600
1134202497868996609
1134193029101838336
1134161813334044673
1134154031172136967
1134146226230898688
1134138422585696258
1134122836333871105
1134105691998830592
1134093884039081992
1134082068223320064
1134070214616866817
1133931807324475392
1133825393813803010
1133790377406865408
1133894547317108736
1133866626603003905
1133857331618471936
1133807495439368198
1133781070854393856
1133771779330248705
1133731981542477824
1133720172563456005
1133708336027906048
1133591070170861568
1133432790911987720
1133560092220186629
1133549797577773057
1133508523076329472
1133402565138423808
1133464809373097984