1136675937611911168
1136663960219000833
1136657199726497792
1136641650908946432
1136633263877959680
1136553885655556098
1136495098122911744
1136434105221079041
1136403242043289600
1136371766576799745
1136310488667758592
1136265182332751872
1136052789057130503
1136027119572664321
1136013649557020673
1136165772726870017
1136150925729550336
1136148047216435200
1136139585140903938
1136139458925998081
1136135816990920705
1136132057590050817
1136130454908755968
1136008301790056451
1135996053000531984
1135964784472576002
1135924470072467457
1136685742539911175
1136680371960111104
1136679897936666625
1136655413393408001
1136649370735194113
1136637658430615553
1136685633718620160
1136686691647873024
1136678297746759680
1136674817539792896
1136672207797653504
1136636610659913729
1136582321258156032
1136537780731949057
1136533304931434496
1136526541146468352
1136515196963512320
1136506611562885121
1136504338300448768
1136502003566370817
1136499079410790401
1136496814792880128
1136494461494661125
1136492288023191553
1136476820474384385
1136471786953068545
1136464244742995968
1136454693549486080
1136448755425861632
1136446632449531904
1136438632259215361
1136435308382347264
1136414537542983681
1136407631000682497
1136370891288432641
1136364849502531589
1136362338393776129
1136326842137436160
1136279030737571841
1136276487416401920
1136270328731242496
1136267076241428481
1136263450328469504
1136248379405717513
1136246626065010688
1136236053365440512
1136216710254682112
1136212393711808513
1136207810105135104
1136190948323614720
1136183939704512512
1136178102852341760
1136172855434076165